000000    -1037.024224
000001    -1037.024224
000002    -1037.024224
000003    -1037.024224
000004    -1037.024224
000005    -410.338948
000006    -410.338948
000007    -410.338948
000008    -410.338948
000009    -410.338948
000010    -410.338948
000011    -410.338948
000012    -410.338948
000013    -410.338948
000014    -410.338948
000015    -410.338948
000016    -410.338948
000017    -410.338948
000018    -398.128268
000019    -398.128268
000020    -398.128268
000021    -398.128268
000022    -398.128268
000023    -398.128268
000024    -398.128268
000025    -398.128268
000026    -398.128268
000027    -398.128268
000028    -398.128268
000029    -398.128268
000030    -398.128268
000031    -398.128268
000032    -398.128268
000033    -398.128268
000034    -398.128268
000035    -398.128268
000036    -398.128268
000037    -398.128268
000038    -398.128268
000039    -398.128268
000040    -398.128268
000041    -398.128268
000042    -398.128268
000043    -398.128268
000044    -398.128268
000045    -398.128268
000046    -398.128268
000047    -398.128268
000048    -398.128268
000049    -398.128268
000050    -398.128268
000051    -398.128268
000052    -398.128268
000053    -74.211840
000054    -74.211840
000055    -74.211840
000056    -74.211840
000057    -74.211840
000058    -74.211840
000059    -74.211840
000060    -74.211840
000061    -74.211840
000062    -74.211840
000063    -74.211840
000064    -74.211840
000065    -74.211840
000066    -74.211840
000067    -74.211840
000068    -74.211840
000069    -74.211840
000070    -74.211840
000071    -74.211840
000072    -74.211840
000073    -74.211840
000074    -74.211840
000075    -74.211840
000076    -74.211840
000077    -74.211840
000078    -74.211840
000079    -74.211840
000080    -74.211840
000081    -74.211840
000082    -74.211840
000083    -74.211840
000084    -74.211840
000085    -74.211840
000086    -74.211840
000087    -74.211840
000088    -74.211840
000089    -74.211840
000090    -74.211840
000091    -74.211840
000092    -74.211840
000093    -74.211840
000094    -74.211840
000095    -74.211840
000096    -74.211840
000097    -74.211840
000098    -74.211840
000099    -74.211840
000100    -74.211840
000101    -74.211840
000102    -74.211840
000103    -74.211840
000104    -74.211840
000105    -74.211840
000106    -74.211840
000107    -74.211840
000108    -74.211840
000109    -74.211840
000110    -74.211840
000111    -74.211840
000112    -74.211840
000113    -74.211840
000114    -74.211840
000115    -74.211840
000116    -74.211840
000117    -74.211840
000118    -74.211840
000119    -74.211840
000120    -74.211840
000121    -74.211840
000122    -74.211840
000123    -74.211840
000124    -74.211840
000125    -74.211840
000126    -74.211840
000127    -74.211840
000128    -74.211840
000129    -74.211840
000130    -74.211840
000131    -74.211840
000132    -74.211840
000133    -74.211840
000134    -74.211840
000135    -74.211840
000136    -74.211840
000137    -74.211840
000138    -74.211840
000139    -74.211840
000140    -74.211840
000141    -74.211840
000142    -74.211840
000143    -74.211840
000144    -74.211840
000145    -74.211840
000146    -74.211840
000147    -74.211840
000148    -74.211840
000149    -74.211840
000150    -74.211840
000151    -74.211840
000152    -74.211840
000153    -74.211840
000154    -74.211840
000155    -74.211840
000156    -74.211840
000157    -74.211840
000158    -74.211840
000159    -74.211840
000160    -74.211840
000161    -74.211840
000162    -34.085237
000163    -34.085237
000164    -34.085237
000165    -34.085237
000166    -34.085237
000167    -34.085237
000168    -34.085237
000169    -34.085237
000170    -34.085237
000171    -34.085237
000172    -34.085237
000173    -34.085237
000174    -34.085237
000175    -34.085237
000176    -34.085237
000177    -34.085237
000178    -34.085237
000179    -34.085237
000180    -34.085237
000181    -34.085237
000182    -34.085237
000183    -34.085237
000184    -34.085237
000185    -34.085237
000186    -34.085237
000187    -34.085237
000188    -34.085237
000189    -34.085237
000190    -34.085237
000191    -34.085237
000192    -34.085237
000193    -34.085237
000194    -34.085237
000195    -34.085237
000196    -34.085237
000197    -34.085237
000198    -34.085237
000199    -34.085237
000200    -34.085237
000201    -34.085237
000202    -34.085237
000203    -34.085237
000204    -34.085237
000205    -34.085237
000206    -34.085237
000207    -34.085237
000208    -34.085237
000209    -34.085237
000210    -34.085237
000211    -34.085237
000212    -34.085237
000213    -34.085237
000214    -34.085237
000215    -34.085237
000216    -34.085237
000217    -34.085237
000218    -34.085237
000219    -34.085237
000220    -34.085237
000221    -34.085237
000222    -34.085237
000223    -34.085237
000224    -34.085237
000225    -34.085237
000226    -34.085237
000227    -34.085237
000228    -34.085237
000229    -34.085237
000230    -34.085237
000231    -34.085237
000232    -34.085237
000233    -34.085237
000234    -34.085237
000235    -34.085237
000236    -34.085237
000237    -34.085237
000238    -34.085237
000239    -34.085237
000240    -34.085237
000241    -34.085237
000242    -34.085237
000243    -34.085237
000244    -34.085237
000245    -34.085237
000246    -34.085237
000247    -34.085237
000248    -34.085237
000249    -34.085237
000250    -34.085237
000251    -34.085237
000252    -34.085237
000253    -34.085237
000254    -34.085237
000255    -34.085237
000256    -34.085237
000257    -34.085237
000258    -34.085237
000259    -34.085237
000260    -34.085237
000261    -34.085237
000262    -34.085237
000263    -34.085237
000264    -34.085237
000265    -34.085237
000266    -34.085237
000267    -34.085237
000268    -34.085237
000269    -34.085237
000270    -34.085237
000271    -34.085237
000272    -34.085237
000273    -34.085237
000274    -34.085237
000275    -34.085237
000276    -34.085237
000277    -34.085237
000278    -34.085237
000279    -34.085237
000280    -34.085237
000281    -34.085237
000282    -34.085237
000283    -34.085237
000284    -34.085237
000285    -34.085237
000286    -34.085237
000287    -34.085237
000288    -34.085237
000289    -34.085237
000290    -34.085237
000291    -34.085237
000292    -34.085237
000293    -34.085237
000294    -34.085237
000295    -34.085237
000296    -34.085237
000297    -34.085237
000298    -34.085237
000299    -34.085237
000300    -34.085237
000301    -34.085237
000302    -34.085237
000303    -34.085237
000304    -34.085237
000305    -34.085237
000306    -34.085237
000307    -34.085237
000308    -34.085237
000309    -34.085237
000310    -34.085237
000311    -34.085237
000312    -34.085237
000313    -34.085237
000314    -34.085237
000315    -34.085237
000316    -34.085237
000317    -34.085237
000318    -34.085237
000319    -34.085237
000320    -34.085237
000321    -34.085237
000322    -34.085237
000323    -34.085237
000324    -34.085237
000325    -34.085237
000326    -34.085237
000327    -34.085237
000328    -34.085237
000329    -34.085237
000330    -34.085237
000331    -34.085237
000332    -34.085237
000333    -34.085237
000334    -34.085237
000335    -34.085237
000336    -34.085237
000337    -34.085237
000338    -34.085237
000339    -34.085237
000340    -34.085237
000341    -34.085237
000342    -34.085237
000343    -34.085237
000344    -34.085237
000345    -34.085237
000346    -34.085237
000347    -34.085237
000348    -34.085237
000349    -34.085237
000350    -34.085237
000351    -34.085237
000352    -34.085237
000353    -34.085237
000354    -34.085237
000355    -34.085237
000356    -34.085237
000357    -34.085237
000358    -34.085237
000359    -34.085237
000360    -34.085237
000361    -34.085237
000362    -34.085237
000363    -34.085237
000364    -34.085237
000365    -34.085237
000366    -34.085237
000367    -34.085237
000368    -34.085237
000369    -34.085237
000370    -34.085237
000371    -34.085237
000372    -34.085237
000373    -34.085237
000374    -34.085237
000375    -34.085237
000376    -34.085237
000377    -34.085237
000378    -34.085237
000379    -34.085237
000380    -34.085237
000381    -34.085237
000382    -34.085237
000383    -34.085237
000384    -34.085237
000385    -34.085237
000386    -34.085237
000387    -34.085237
000388    -34.085237
000389    -34.085237
000390    -34.085237
000391    -34.085237
000392    -34.085237
000393    -34.085237
000394    -34.085237
000395    -34.085237
000396    -34.085237
000397    -34.085237
000398    -34.085237
000399    -34.085237
000400    -34.085237
000401    -34.085237
000402    -34.085237
000403    -34.085237
000404    -34.085237
000405    -34.085237
000406    -20.365632
000407    -20.365632
000408    -20.365632
000409    -20.365632
000410    -20.365632
000411    -20.365632
000412    -20.365632
000413    -20.365632
000414    -20.365632
000415    -20.365632
000416    -20.365632
000417    -20.365632
000418    -20.365632
000419    -20.365632
000420    -20.365632
000421    -20.365632
000422    -20.365632
000423    -20.365632
000424    -20.365632
000425    -20.365632
000426    -20.365632
000427    -20.365632
000428    -20.365632
000429    -20.365632
000430    -20.365632
000431    -20.365632
000432    -20.365632
000433    -20.365632
000434    -20.365632
000435    -20.365632
000436    -20.365632
000437    -20.365632
000438    -20.365632
000439    -20.365632
000440    -20.365632
000441    -20.365632
000442    -20.365632
000443    -20.365632
000444    -20.365632
000445    -20.365632
000446    -20.365632
000447    -20.365632
000448    -20.365632
000449    -20.365632
000450    -20.365632
000451    -20.365632
000452    -20.365632
000453    -20.365632
000454    -20.365632
000455    -20.365632
000456    -20.365632
000457    -20.365632
000458    -20.365632
000459    -20.365632
000460    -20.365632
000461    -20.365632
000462    -20.365632
000463    -20.365632
000464    -20.365632
000465    -20.365632
000466    -20.365632
000467    -20.365632
000468    -20.365632
000469    -20.365632
000470    -20.365632
000471    -20.365632
000472    -20.365632
000473    -20.365632
000474    -20.365632
000475    -20.365632
000476    -20.365632
000477    -20.365632
000478    -20.365632
000479    -20.365632
000480    -20.365632
000481    -20.365632
000482    -20.365632
000483    -20.365632
000484    -20.365632
000485    -20.365632
000486    -20.365632
000487    -20.365632
000488    -20.365632
000489    -20.365632
000490    -20.365632
000491    -20.365632
000492    -20.365632
000493    -20.365632
000494    -20.365632
000495    -20.365632
000496    -20.365632
000497    -20.365632
000498    -20.365632
000499    -20.365632
000500    -20.365632
000501    -20.365632
000502    -20.365632
000503    -20.365632
000504    -20.365632
000505    -20.365632
000506    -20.365632
000507    -20.365632
000508    -20.365632
000509    -20.365632
000510    -20.365632
000511    -20.365632
000512    -20.365632
000513    -20.365632
000514    -20.365632
000515    -20.365632
000516    -20.365632
000517    -20.365632
000518    -20.365632
000519    -20.365632
000520    -20.365632
000521    -20.365632
000522    -20.365632
000523    -20.365632
000524    -20.365632
000525    -20.365632
000526    -20.365632
000527    -20.365632
000528    -20.365632
000529    -20.365632
000530    -20.365632
000531    -20.365632
000532    -20.365632
000533    -20.365632
000534    -20.365632
000535    -20.365632
000536    -20.365632
000537    -20.365632
000538    -20.365632
000539    -20.365632
000540    -20.365632
000541    -20.365632
000542    -20.365632
000543    -20.365632
000544    -20.365632
000545    -20.365632
000546    -20.365632
000547    -20.365632
000548    -20.365632
000549    -20.365632
000550    -20.365632
000551    -20.365632
000552    -20.365632
000553    -20.365632
000554    -20.365632
000555    -20.365632
000556    -20.365632
000557    -20.365632
000558    -20.365632
000559    -20.365632
000560    -20.365632
000561    -20.365632
000562    -20.365632
000563    -20.365632
000564    -20.365632
000565    -20.365632
000566    -20.365632
000567    -20.365632
000568    -20.365632
000569    -20.365632
000570    -20.365632
000571    -20.365632
000572    -20.365632
000573    -20.365632
000574    -20.365632
000575    -20.365632
000576    -20.365632
000577    -20.365632
000578    -20.365632
000579    -20.365632
000580    -20.365632
000581    -20.365632
000582    -20.365632
000583    -20.365632
000584    -20.365632
000585    -20.365632
000586    -20.365632
000587    -20.365632
000588    -20.365632
000589    -20.365632
000590    -20.365632
000591    -20.365632
000592    -20.365632
000593    -20.365632
000594    -20.365632
000595    -20.365632
000596    -20.365632
000597    -20.365632
000598    -20.365632
000599    -20.365632
000600    -20.365632
000601    -20.365632
000602    -20.365632
000603    -20.365632
000604    -20.365632
000605    -20.365632
000606    -20.365632
000607    -20.365632
000608    -20.365632
000609    -20.365632
000610    -20.365632
000611    -20.365632
000612    -20.365632
000613    -20.365632
000614    -20.365632
000615    -20.365632
000616    -20.365632
000617    -20.365632
000618    -20.365632
000619    -20.365632
000620    -20.365632
000621    -20.365632
000622    -20.365632
000623    -20.365632
000624    -20.365632
000625    -20.365632
000626    -20.365632
000627    -20.365632
000628    -20.365632
000629    -20.365632
000630    -20.365632
000631    -20.365632
000632    -20.365632
000633    -20.365632
000634    -20.365632
000635    -20.365632
000636    -20.365632
000637    -20.365632
000638    -20.365632
000639    -20.365632
000640    -20.365632
000641    -20.365632
000642    -20.365632
000643    -20.365632
000644    -20.365632
000645    -20.365632
000646    -20.365632
000647    -20.365632
000648    -20.365632
000649    -20.365632
000650    -20.365632
000651    -20.365632
000652    -20.365632
000653    -20.365632
000654    -20.365632
000655    -20.365632
000656    -20.365632
000657    -20.365632
000658     -7.102675
000659     -7.102675
000660     -7.102675
000661     -7.102675
000662     -7.102675
000663     -7.102675
000664     -7.102675
000665     -7.102675
000666     -7.102675
000667     -7.102675
000668     -7.102675
000669     -7.102675
000670     -7.102675
000671     -7.102675
000672     -7.102675
000673     -7.102675
000674     -7.102675
000675     -7.102675
000676     -7.102675
000677     -7.102675
000678     -7.102675
000679     -7.102675
000680     -7.102675
000681     -7.102675
000682     -7.102675
000683     -7.102675
000684     -7.102675
000685     -7.102675
000686     -7.102675
000687     -7.102675
000688     -7.102675
000689     -7.102675
000690     -7.102675
000691     -7.102675
000692     -7.102675
000693     -7.102675
000694     -7.102675
000695     -7.102675
000696     -7.102675
000697     -7.102675
000698     -7.102675
000699     -7.102675
000700     -7.102675
000701     -7.102675
000702     -7.102675
000703     -7.102675
000704     -7.102675
000705     -7.102675
000706     -7.102675
000707     -7.102675
000708     -7.102675
000709     -7.102675
000710     -7.102675
000711     -7.102675
000712     -7.102675
000713     -7.102675
000714     -7.102675
000715     -7.102675
000716     -7.102675
000717     -7.102675
000718     -7.102675
000719     -7.102675
000720     -7.102675
000721     -7.102675
000722     -7.102675
000723     -7.102675
000724     -7.102675
000725     -7.102675
000726     -7.102675
000727     -7.102675
000728     -7.102675
000729     -7.102675
000730     -7.102675
000731     -7.102675
000732     -7.102675
000733     -7.102675
000734     -7.102675
000735     -7.102675
000736     -7.102675
000737     -7.102675
000738     -7.102675
000739     -7.102675
000740     -7.102675
000741     -7.102675
000742     -7.102675
000743     -7.102675
000744     -7.054944
000745     -7.054944
000746     -7.054944
000747     -7.054944
000748     -7.054944
000749     -7.054944
000750     -7.054944
000751     -7.054944
000752     -7.054944
000753     -7.054944
000754     -7.054944
000755     -7.054944
000756     -7.054944
000757     -7.054944
000758     -7.054944
000759     -7.054944
000760     -7.054944
000761     -7.054944
000762     -7.054944
000763     -7.054944
000764     -7.054944
000765     -7.054944
000766     -7.054944
000767     -7.054944
000768     -7.054944
000769     -7.054944
000770     -7.054944
000771     -7.054944
000772     -7.054944
000773     -7.054944
000774     -7.054944
000775     -7.054944
000776     -7.054944
000777     -7.054944
000778     -7.054944
000779     -7.054944
000780     -7.054944
000781     -7.054944
000782     -7.054944
000783     -7.054944
000784     -7.054944
000785     -7.054944
000786     -7.054944
000787     -7.054944
000788     -7.054944
000789     -7.054944
000790     -7.054944
000791     -7.054944
000792     -7.054944
000793     -7.054944
000794     -7.054944
000795     -7.054944
000796     -7.054944
000797     -7.054944
000798     -7.054944
000799     -7.054944
000800     -7.054944
000801     -7.054944
000802     -7.054944
000803     -7.054944
000804     -7.054944
000805     -7.054944
000806     -7.054944
000807     -7.054944
000808     -7.054944
000809     -7.054944
000810     -7.054944
000811     -7.054944
000812     -7.054944
000813     -7.054944
000814     -7.054944
000815     -7.054944
000816     -7.054944
000817     -7.054944
000818     -7.054944
000819     -7.054944
000820     -7.054944
000821     -7.054944
000822     -7.054944
000823     -7.054944
000824     -7.054944
000825     -7.054944
000826     -7.054944
000827     -7.054944
000828     -7.054944
000829     -7.054944
000830     -7.054944
000831     -7.054944
000832     -7.054944
000833     -7.054944
000834     -2.110312
000835     -2.110312
000836     -2.110312
000837     -2.110312
000838     -2.110312
000839     -2.110312
000840     -2.110312
000841     -2.110312
000842     -2.110312
000843     -2.110312
000844     -2.110312
000845     -2.110312
000846     -2.110312
000847     -2.110312
000848     -2.110312
000849     -2.110312
000850     -2.110312
000851     -2.110312
000852     -2.110312
000853     -2.110312
000854     -2.110312
000855     -2.110312
000856     -2.110312
000857     -2.110312
000858     -2.110312
000859     -2.110312
000860     -2.110312
000861     -2.110312
000862     -2.110312
000863     -2.110312
000864     -2.110312
000865     -2.110312
000866     -2.110312
000867     -2.110312
000868     -2.110312
000869     -2.110312
000870     -2.110312
000871     -2.110312
000872     -2.110312
000873     -2.110312
000874     -2.110312
000875     -2.110312
000876     -2.110312
000877     -2.110312
000878     -2.110312
000879     -2.110312
000880     -2.110312
000881     -2.110312
000882     -2.110312
000883     -2.110312
000884     -2.110312
000885     -2.110312
000886     -2.110312
000887     -2.110312
000888     -2.110312
000889     -2.110312
000890     -2.110312
000891     -2.110312
000892     -2.110312
000893     -2.110312
000894     -2.110312
000895     -2.110312
000896     -2.110312
000897     -2.110312
000898     -2.110312
000899     -2.110312
000900     -2.110312
000901     -2.110312
000902     -2.110312
000903     -2.110312
000904     -2.110312
000905     -2.110312
000906     -2.110312
000907     -2.110312
000908     -2.110312
000909     -2.110312
000910     -2.110312
000911     -2.110312
000912     -2.110312
000913     -2.110312
000914     -2.110312
000915     -2.110312
000916     -2.110312
000917     -2.110312
000918     -2.110312
000919     -2.110312
000920     -2.110312
000921     -2.110312
000922     -2.110312
000923     -2.110312
000924     -2.110312
000925     -2.110312
000926     -2.110312
000927     -2.110312
000928     -2.110312
000929     -2.110312
000930     -2.110312
000931     -2.110312
000932     -2.110312
000933     -2.110312
000934     -2.110312
000935     -2.110312
000936     -2.110312
000937     -2.110312
000938     -2.110312
000939     -2.110312
000940     -2.110312
000941     -2.110312
000942     -2.110312
000943     -2.110312
000944     -2.110312
000945     -2.110312
000946     -2.110312
000947     -2.110312
000948     -2.110312
000949     -2.110312
000950     -2.110312
000951     -2.110312
000952     -2.110312
000953     -2.110312
000954     -2.110312
000955     -2.110312
000956     -2.110312
000957     -2.110312
000958     -2.110312
000959     -2.110312
000960     -2.110312
000961     -2.110312
000962     -2.110312
000963     -2.110312
000964     -2.110312
000965     -2.110312
000966     -2.110312
000967     -2.110312
000968     -2.110312
000969     -2.110312
000970     -2.110312
000971     -2.110312
000972     -2.110312
000973     -2.110312
000974     -2.110312
000975     -2.110312
000976     -2.110312
000977     -2.110312
000978     -2.110312
000979     -2.110312
000980     -2.110312
000981     -2.110312
000982     -2.110312
000983     -2.110312
000984     -2.110312
000985     -2.110312
000986     -2.110312
000987     -2.110312
000988     -2.110312
000989     -2.110312
000990     -2.110312
000991     -2.110312
000992     -2.110312
000993     -2.110312
000994     -2.110312
000995     -2.110312
000996     -2.110312
000997     -2.110312
000998     -2.110312
000999     -2.110312
001000     -2.110312
001001     -2.110312
001002     -2.110312
001003     -2.110312
001004     -2.110312
001005     -2.110312
001006     -2.110312
001007     -2.110312
001008     -2.110312
001009     -2.110312
001010     -2.110312
001011     -2.110312
001012     -2.110312
001013     -2.110312
001014     -2.110312
001015     -2.110312
001016     -2.110312
001017     -2.110312
001018     -2.110312
001019     -2.110312
001020     -2.110312
001021     -2.110312
001022     -2.110312
001023     -2.110312
001024     -2.110312
001025     -2.110312
001026     -2.110312
001027     -2.110312
001028     -2.110312
001029     -2.110312
001030     -2.110312
001031     -2.110312
001032     -2.110312
001033     -2.110312
001034     -2.110312
001035     -2.110312
001036     -2.110312
001037     -2.110312
001038     -2.110312
001039     -2.110312
001040     -2.110312
001041     -2.110312
001042     -2.110312
001043     -2.110312
001044     -2.110312
001045     -2.110312
001046     -2.110312
001047     -2.110312
001048     -2.110312
001049     -2.110312
001050     -2.110312
001051     -2.110312
001052     -2.110312
001053     -2.110312
001054     -2.110312
001055     -2.110312
001056     -2.110312
001057     -2.110312
001058     -2.110312
001059     -2.110312
001060     -2.110312
001061     -2.110312
001062     -2.110312
001063     -2.110312
001064     -2.110312
001065     -2.110312
001066     -2.110312
001067     -2.110312
001068     -2.110312
001069     -2.110312
001070     -2.110312
001071     -2.110312
001072     -2.110312
001073     -2.110312
001074     -2.110312
001075     -2.110312
001076     -2.110312
001077     -2.110312
001078     -2.110312
001079     -2.110312
001080     -2.110312
001081     -2.110312
001082     -2.110312
001083     -2.110312
001084     -2.110312
001085     -2.110312
001086     -2.110312
001087     -2.110312
001088     -2.110312
001089     -2.110312
001090     -2.110312
001091     -2.110312
001092     -2.110312
001093     -2.110312
001094     -2.110312
001095     -2.110312
001096     -2.110312
001097     -2.110312
001098     -2.110312
001099     -2.110312
001100     -2.110312
001101     -2.110312
001102     -2.110312
001103     -2.110312
001104     -2.110312
001105     -2.110312
001106     -2.110312
001107     -2.110312
001108     -2.110312
001109     -2.110312
001110     -2.110312
001111     -2.110312
001112     -2.110312
001113     -2.110312
001114     -2.110312
001115     -2.110312
001116     -2.110312
001117     -2.110312
001118     -2.110312
001119     -2.110312
001120     -2.110312
001121     -2.110312
001122     -2.110312
001123     -2.110312
001124     -2.110312
001125     -2.110312
001126     -2.110312
001127     -2.110312
001128     -2.110312
001129     -2.110312
001130     -2.110312
001131     -2.110312
001132     -2.110312
001133     -2.110312
001134     -2.110312
001135     -2.110312
001136     -2.110312
001137     -2.110312
001138     -2.110312
001139     -2.110312
001140     -2.110312
001141     -2.110312
001142     -2.110312
001143     -2.110312
001144     -2.110312
001145     -2.110312
001146     -2.110312
001147     -2.110312
001148     -2.110312
001149     -2.110312
001150     -2.110312
001151     -2.110312
001152     -2.110312
001153     -2.110312
001154     -2.110312
001155     -2.110312
001156     -2.110312
001157     -2.110312
001158     -2.110312
001159     -2.110312
001160     -2.110312
001161     -2.110312
001162     -2.110312
001163     -2.110312
001164     -2.110312
001165     -2.110312
001166     -2.110312
001167     -2.110312
001168     -2.110312
001169     -2.110312
001170     -2.110312
001171     -2.110312
001172     -2.110312
001173     -2.110312
001174     -2.110312
001175     -2.110312
001176     -2.110312
001177     -2.110312
001178     -2.110312
001179     -2.110312
001180     -2.110312
001181     -2.110312
001182     -2.110312
001183     -2.110312
001184     -2.110312
001185     -2.110312
001186     -2.110312
001187     -2.110312
001188     -2.110312
001189     -2.110312
001190     -2.110312
001191     -2.110312
001192     -2.110312
001193     -2.110312
001194     -2.110312
001195     -2.110312
001196     -2.110312
001197     -2.110312
001198     -2.110312
001199     -2.110312
001200     -2.110312
001201     -2.110312
001202     -2.110312
001203     -2.110312
001204     -2.110312
001205     -2.110312
001206     -2.110312
001207     -2.110312
001208     -2.110312
001209     -2.110312
001210     -2.110312
001211     -2.110312
001212     -2.110312
001213     -2.110312
001214     -2.110312
001215     -2.110312
001216     -2.110312
001217     -2.110312
001218     -2.110312
001219     -2.110312
001220     -2.110312
001221     -2.110312
001222     -2.110312
001223     -2.110312
001224     -2.110312
001225     -2.110312
001226     -2.110312
001227     -2.110312
001228     -2.110312
001229     -2.110312
001230     -2.110312
001231     -2.110312
001232     -2.110312
001233     -2.110312
001234     -2.110312
001235     -2.110312
001236     -2.110312
001237     -2.110312
001238     -2.110312
001239     -2.110312
001240     -2.110312
001241     -2.110312
001242     -2.110312
001243     -2.110312
001244     -2.110312
001245     -2.110312
001246     -2.110312
001247     -2.110312
001248     -2.110312
001249     -2.110312
001250     -2.110312
001251     -2.110312
001252     -2.110312
001253     -2.110312
001254     -2.110312
001255     -2.110312
001256     -2.110312
001257     -2.110312
001258     -2.110312
001259     -2.110312
001260     -2.110312
001261     -2.110312
001262     -2.110312
001263     -2.110312
001264     -2.110312
001265     -2.110312
001266     -2.110312
001267     -2.110312
001268     -2.110312
001269     -2.110312
001270     -2.110312
001271     -2.110312
001272     -2.110312
001273     -2.110312
001274     -2.110312
001275     -2.110312
001276     -2.110312
001277     -2.110312
001278     -2.110312
001279     -2.110312
001280     -2.110312
001281     -2.110312
001282     -2.110312
001283     -2.110312
001284     -2.110312
001285     -2.110312
001286     -2.110312
001287     -2.110312
001288     -2.110312
001289     -2.110312
001290     -2.110312
001291     -2.110312
001292     -2.110312
001293     -2.110312
001294     -2.110312
001295     -2.110312
001296     -2.110312
001297     -2.110312
001298     -2.110312
001299     -2.110312
001300     -2.110312
001301     -2.110312
001302     -1.432398
001303     -1.432398
001304     -1.432398
001305     -1.432398
001306     -1.432398
001307     -1.432398
001308     -1.432398
001309     -1.432398
001310     -1.432398
001311     -1.432398
001312     -1.432398
001313     -1.432398
001314     -1.432398
001315     -1.432398
001316     -1.432398
001317     -1.432398
001318     -1.432398
001319     -1.432398
001320     -1.432398
001321     -1.432398
001322     -1.130858
001323     -1.130858
001324     -1.130858
001325     -1.130858
001326     -1.130858
001327     -1.130858
001328     -1.130858
001329     -1.130858
001330     -1.130858
001331     -1.130858
001332     -1.130858
001333     -1.130858
001334     -1.130858
001335     -1.130858
001336     -1.130858
001337     -1.130858
001338     -1.130858
001339     -1.130858
001340     -1.130858
001341     -1.130858
001342     -1.130858
001343     -1.130858
001344     -1.130858
001345     -1.130858
001346     -1.130858
001347     -1.130858
001348     -1.130858
001349     -1.130858
001350     -1.130858
001351     -1.130858
001352     -1.130858
001353     -1.130858
001354     -1.130858
001355     -1.130858
001356     -0.506933
001357     -0.506933
001358     -0.506933
001359     -0.506933
001360     -0.506933
001361     -0.506933
001362     -0.506933
001363     -0.506933
001364     -0.506933
001365     -0.506933
001366     -0.506933
001367     -0.506933
001368     -0.506933
001369     -0.506933
001370     -0.506933
001371     -0.506933
001372     -0.506933
001373     -0.506933
001374     -0.506933
001375     -0.506933
001376     -0.506933
001377     -0.506933
001378     -0.506933
001379     -0.506933
001380     -0.506933
001381     -0.506933
001382     -0.506933
001383     -0.506933
001384     -0.506933
001385     -0.506933
001386     -0.506933
001387     -0.506933
001388     -0.506933
001389     -0.506933
001390     -0.506933
001391     -0.506933
001392     -0.506933
001393     -0.506933
001394     -0.506933
001395     -0.506933
001396     -0.506933
001397     -0.506933
001398     -0.506933
001399     -0.506933
001400     -0.506933
001401     -0.506933
001402     -0.506933
001403     -0.506933
001404     -0.506933
001405     -0.506933
001406     -0.506933
001407     -0.506933
001408     -0.506933
001409     -0.506933
001410     -0.506933
001411     -0.506933
001412     -0.506933
001413     -0.506933
001414     -0.506933
001415     -0.506933
001416     -0.506933
001417     -0.506933
001418     -0.506933
001419     -0.506933
001420     -0.506933
001421     -0.506933
001422     -0.506933
001423     -0.506933
001424     -0.506933
001425     -0.506933
001426     -0.506933
001427     -0.506933
001428     -0.506933
001429     -0.506933
001430     -0.506933
001431     -0.506933
001432     -0.506933
001433     -0.506933
001434     -0.506933
001435     -0.506933
001436     -0.506933
001437     -0.506933
001438     -0.506933
001439     -0.506933
001440     -0.506933
001441     -0.506933
001442     -0.506933
001443     -0.506933
001444     -0.506933
001445     -0.506933
001446     -0.506933
001447     -0.506933
001448     -0.506933
001449     -0.506933
001450     -0.506933
001451     -0.506933
001452     -0.506933
001453     -0.506933
001454     -0.506933
001455     -0.506933
001456     -0.506933
001457     -0.506933
001458     -0.506933
001459     -0.506933
001460     -0.506933
001461     -0.506933
001462     -0.506933
001463     -0.506933
001464     -0.506933
001465     -0.506933
001466     -0.506933
001467     -0.506933
001468     -0.506933
001469     -0.506933
001470     -0.506933
001471     -0.506933
001472     -0.506933
001473     -0.506933
001474     -0.506933
001475     -0.506933
001476     -0.506933
001477     -0.506933
001478     -0.506933
001479     -0.506933
001480     -0.506933
001481     -0.506933
001482     -0.506933
001483     -0.506933
001484     -0.506933
001485     -0.506933
001486     -0.506933
001487     -0.506933
001488     -0.506933
001489     -0.506933
001490     -0.506933
001491     -0.506933
001492     -0.506933
001493     -0.506933
001494     -0.506933
001495     -0.506933
001496     -0.506933
001497     -0.506933
001498     -0.506933
001499     -0.506933
001500     -0.506933
001501     -0.506933
001502     -0.506933
001503     -0.506933
001504     -0.506933
001505     -0.506933
001506     -0.506933
001507     -0.506933
001508     -0.506933
001509     -0.506933
001510     -0.506933
001511     -0.506933
001512     -0.506933
001513     -0.397581
001514     -0.397581
001515     -0.397581
001516     -0.397581
001517     -0.397581
001518     -0.397581
001519     -0.397581
001520     -0.397581
001521     -0.397581
001522     -0.171584
001523     -0.171584
001524     -0.171584
001525     -0.171584
001526     -0.171584
001527     -0.171584
001528     -0.171584
001529     -0.171584
001530     -0.171584
001531     -0.171584
001532     -0.171584
001533     -0.171584
001534     -0.171584
001535     -0.171584
001536     -0.171584
001537     -0.171584
001538     -0.171584
001539     -0.171584
001540     -0.171584
001541     -0.171584
001542     -0.171584
001543     -0.171584
001544     -0.171584
001545     -0.171584
001546     -0.171584
001547     -0.171584
001548     -0.171584
001549     -0.171584
001550     -0.171584
001551     -0.171584
001552     -0.171584
001553     -0.171584
001554     -0.171584
001555     -0.171584
001556     -0.171584
001557     -0.171584
001558     -0.171584
001559     -0.171584
001560     -0.171584
001561     -0.171584
001562     -0.171584
001563     -0.171584
001564     -0.171584
001565     -0.171584
001566     -0.171584
001567     -0.171584
001568     -0.171584
001569     -0.171584
001570     -0.171584
001571     -0.171584
001572     -0.171584
001573     -0.171584
001574     -0.171584
001575     -0.171584
001576     -0.171584
001577     -0.171584
001578     -0.171584
001579     -0.171584
001580     -0.171584
001581     -0.171584
001582     -0.171584
001583     -0.171584
001584     -0.171584
001585     -0.171584
001586     -0.171584
001587     -0.171584
001588     -0.171584
001589     -0.171584
001590     -0.171584
001591     -0.171584
001592     -0.171584
001593     -0.171584
001594     -0.171584
001595     -0.171584
001596     -0.171584
001597     -0.171584
001598     -0.171584
001599     -0.171584
001600     -0.171584
001601     -0.171584
001602     -0.171584
001603     -0.171584
001604     -0.171584
001605     -0.171584
001606     -0.171584
001607     -0.171584
001608     -0.171584
001609     -0.171584
001610     -0.171584
001611     -0.171584
001612     -0.171584
001613     -0.171584
001614     -0.171584
001615     -0.171584
001616     -0.171584
001617     -0.171584
001618     -0.171584
001619     -0.171584
001620     -0.171584
001621     -0.171584
001622     -0.171584
001623     -0.171584
001624     -0.171584
001625     -0.171584
001626     -0.171584
001627     -0.171584
001628     -0.171584
001629     -0.171584
001630     -0.171584
001631     -0.171584
001632     -0.171584
001633     -0.171584
001634     -0.171584
001635     -0.171584
001636     -0.171584
001637     -0.171584
001638     -0.171584
001639     -0.171584
001640     -0.171584
001641     -0.171584
001642     -0.171584
001643     -0.171584
001644     -0.171584
001645     -0.171584
001646     -0.171584
001647     -0.171584
001648     -0.171584
001649     -0.171584
001650     -0.171584
001651     -0.171584
001652     -0.171584
001653     -0.171584
001654     -0.171584
001655     -0.171584
001656     -0.171584
001657     -0.171584
001658     -0.171584
001659     -0.171584
001660     -0.171584
001661     -0.171584
001662     -0.171584
001663     -0.171584
001664     -0.171584
001665     -0.171584
001666     -0.171584
001667     -0.171584
001668     -0.171584
001669     -0.171584
001670     -0.171584
001671     -0.171584
001672     -0.171584
001673     -0.171584
001674     -0.171584
001675     -0.171584
001676     -0.171584
001677     -0.171584
001678     -0.171584
001679     -0.171584
001680     -0.171584
001681     -0.171584
001682     -0.171584
001683     -0.171584
001684     -0.171584
001685     -0.171584
001686     -0.171584
001687     -0.171584
001688     -0.171584
001689     -0.171584
001690     -0.171584
001691     -0.171584
001692     -0.171584
001693     -0.171584
001694     -0.171584
001695     -0.171584
001696     -0.171584
001697     -0.171584
001698     -0.171584
001699     -0.171584
001700     -0.171584
001701     -0.171584
001702     -0.171584
001703     -0.171584
001704     -0.171584
001705     -0.171584
001706     -0.171584
001707     -0.171584
001708     -0.171584
001709     -0.171584
001710     -0.171584
001711     -0.171584
001712     -0.171584
001713     -0.171584
001714     -0.171584
001715     -0.171584
001716     -0.171584
001717     -0.171584
001718     -0.171584
001719     -0.171584
001720     -0.171584
001721     -0.171584
001722     -0.171584
001723     -0.171584
001724     -0.171584
001725     -0.171584
001726     -0.171584
001727     -0.171584
001728     -0.171584
001729     -0.171584
001730     -0.171584
001731     -0.171584
001732     -0.171584
001733     -0.171584
001734     -0.171584
001735     -0.171584
001736     -0.171584
001737     -0.171584
001738     -0.171584
001739     -0.171584
001740     -0.171584
001741     -0.171584
001742     -0.171584
001743     -0.171584
001744     -0.171584
001745     -0.171584
001746     -0.171584
001747     -0.171584
001748     -0.171584
001749     -0.171584
001750     -0.171584
001751     -0.171584
001752     -0.171584
001753     -0.171584
001754     -0.171584
001755     -0.171584
001756     -0.171584
001757     -0.171584
001758     -0.171584
001759     -0.171584
001760     -0.171584
001761     -0.171584
001762     -0.171584
001763     -0.171584
001764     -0.171584
001765     -0.171584
001766     -0.171584
001767     -0.171584
001768     -0.171584
001769     -0.171584
001770     -0.171584
001771     -0.171584
001772     -0.171584
001773     -0.171584
001774     -0.171584
001775     -0.171584
001776     -0.171584
001777     -0.171584
001778     -0.171584
001779     -0.171584
001780     -0.171584
001781     -0.171584
001782     -0.171584
001783     -0.171584
001784     -0.171584
001785     -0.171584
001786     -0.171584
001787     -0.171584
001788     -0.171584
001789     -0.171584
001790     -0.171584
001791     -0.171584
001792     -0.171584
001793     -0.171584
001794     -0.171584
001795     -0.171584
001796     -0.171584
001797     -0.171584
001798     -0.171584
001799     -0.171584
001800     -0.171584
001801     -0.171584
001802     -0.171584
001803     -0.171584
001804     -0.171584
001805     -0.171584
001806     -0.171584
001807     -0.171584
001808     -0.171584
001809     -0.171584
001810     -0.171584
001811     -0.171584
001812     -0.171584
001813     -0.171584
001814     -0.171584
001815     -0.171584
001816     -0.171584
001817     -0.171584
001818     -0.171584
001819     -0.171584
001820     -0.171584
001821     -0.171584
001822     -0.171584
001823     -0.171584
001824     -0.171584
001825     -0.171584
001826     -0.171584
001827     -0.171584
001828     -0.171584
001829     -0.171584
001830     -0.171584
001831     -0.171584
001832     -0.171584
001833     -0.171584
001834     -0.171584
001835     -0.171584
001836     -0.171584
001837     -0.171584
001838     -0.171584
001839     -0.171584
001840     -0.171584
001841     -0.171584
001842     -0.171584
001843     -0.171584
001844     -0.171584
001845     -0.171584
001846     -0.171584
001847     -0.171584
001848     -0.171584
001849     -0.171584
001850     -0.171584
001851     -0.171584
001852     -0.171584
001853     -0.171584
001854     -0.171584
001855     -0.171584
001856     -0.171584
001857     -0.171584
001858     -0.171584
001859     -0.171584
001860     -0.171584
001861     -0.171584
001862     -0.171584
001863     -0.171584
001864     -0.171584
001865     -0.171584
001866     -0.171584
001867     -0.171584
001868     -0.171584
001869     -0.171584
001870     -0.171584
001871     -0.171584
001872     -0.171584
001873     -0.171584
001874     -0.171584
001875     -0.171584
001876     -0.171584
001877     -0.171584
001878     -0.171584
001879     -0.171584
001880     -0.171584
001881     -0.171584
001882     -0.171584
001883     -0.171584
001884     -0.171584
001885     -0.171584
001886     -0.171584
001887     -0.171584
001888     -0.171584
001889     -0.171584
001890     -0.171584
001891     -0.171584
001892     -0.171584
001893     -0.171584
001894     -0.171584
001895     -0.171584
001896     -0.171584
001897     -0.171584
001898     -0.171584
001899     -0.171584
001900     -0.171584
001901     -0.171584
001902     -0.171584
001903     -0.171584
001904     -0.171584
001905     -0.171584
001906     -0.171584
001907     -0.171584
001908     -0.171584
001909     -0.171584
001910     -0.171584
001911     -0.171584
001912     -0.171584
001913     -0.171584
001914     -0.171584
001915     -0.171584
001916     -0.171584
001917     -0.171584
001918     -0.171584
001919     -0.171584
001920     -0.171584
001921     -0.171584
001922     -0.171584
001923     -0.171584
001924     -0.171584
001925     -0.171584
001926     -0.171584
001927     -0.171584
001928     -0.171584
001929     -0.171584
001930     -0.171584
001931     -0.171584
001932     -0.171584
001933     -0.171584
001934     -0.171584
001935     -0.171584
001936     -0.171584
001937     -0.171584
001938     -0.171584
001939     -0.171584
001940     -0.171584
001941     -0.171584
001942     -0.171584
001943     -0.171584
001944     -0.171584
001945     -0.171584
001946     -0.171584
001947     -0.171584
001948     -0.171584
001949     -0.171584
001950     -0.171584
001951     -0.171584
001952     -0.171584
001953     -0.171584
001954     -0.171584
001955     -0.171584
001956     -0.171584
001957     -0.171584
001958     -0.171584
001959     -0.171584
001960     -0.171584
001961     -0.171584
001962     -0.171584
001963     -0.171584
001964     -0.171584
001965     -0.171584
001966     -0.171584
001967     -0.171584
001968     -0.171584
001969     -0.171584
001970     -0.171584
001971     -0.171584
001972     -0.171584
001973     -0.171584
001974     -0.171584
001975     -0.171584
001976     -0.171584
001977     -0.171584
001978     -0.171584
001979     -0.171584
001980     -0.171584
001981     -0.171584
001982     -0.171584
001983     -0.171584
001984     -0.171584
001985     -0.171584
001986     -0.171584
001987     -0.171584
001988     -0.171584
001989     -0.171584
001990     -0.171584
001991     -0.171584
001992     -0.171584
001993     -0.171584
001994     -0.171584
001995     -0.171584
001996     -0.171584
001997     -0.171584
001998     -0.171584
001999     -0.171584
002000     -0.171584
